---
U9633015: 92.6301587301587
U9733001: 90.0920634920635
U9733002: 100
U9733003: 80.8888888888889
U9733004: 50.5349206349206
U9733005: 89.6587301587302
U9733006: 48.7603174603175
U9733007: 100
U9733008: 60.9349206349206
U9733009: 63.9063492063492
U9733010: 100
U9733011: 100
U9733012: 63.9063492063492
U9733013: 60.9349206349206
U9733014: 100
U9733015: 48.7603174603175
U9733016: 89.6587301587302
U9733018: 50.5349206349206
U9733019: 80.8888888888889
U9733020: 100
U9733021: 90.0920634920635
U9733022: 92.6301587301587
U9733023: 74.4507936507937
U9733024: 52.3714285714286
U9733025: 92.6301587301587
U9733026: 52.3714285714286
U9733027: 74.4507936507937
U9733028: 52.3714285714286
U9733029: 74.4507936507937
U9733030: 92.6301587301587
U9733031: 90.0920634920635
U9733032: 100
U9733033: 80.8888888888889
U9733034: 50.5349206349206
U9733035: 89.6587301587302
U9733036: 48.7603174603175
U9733038: 100
U9733039: 60.9349206349206
U9733040: 63.9063492063492
U9733041: 100
U9733042: 100
U9733043: 63.9063492063492
U9733044: 60.9349206349206
U9733045: 100
U9733046: 48.7603174603175
U9733047: 89.6587301587302
U9733048: 50.5349206349206
U9733049: 80.8888888888889
U9733050: 100
U9733051: 90.0920634920635
U9733054: 74.4507936507937
U9733055: 52.3714285714286
