---
9414207: 57.1428571428571
9521291: 100
9521303: 100
9521304: 42.8571428571429
9521307: 21.4285714285714
9522283: 100
9631209: 42.8571428571429
9631210: 50
9631233: 85.7142857142857
9633231: 42.8571428571429
M9722010: 0
T9716016: 0
T9716050: 57.1428571428571
U9634037: 0
U9634042: 0
U9711134: 0
U9713017: 0
U9713021: 0
U9715015: 71.4285714285714
U9717023: 0
U9717040: 0
U9717047: 85.7142857142857
U9717048: 71.4285714285714
U9722128: 64.2857142857143
U9731134: 85.7142857142857
U9731150: 85.7142857142857
U9824026: 50
