---
U9633015: 83.3333333333333
U9733001: 100
U9733002: 100
U9733003: 100
U9733004: 100
U9733005: 100
U9733006: 66.6666666666667
U9733007: 100
U9733008: 100
U9733009: 100
U9733010: 100
U9733011: 83.3333333333333
U9733012: 83.3333333333333
U9733013: 16.6666666666667
U9733014: 100
U9733015: 50
U9733016: 100
U9733018: 100
U9733019: 100
U9733020: 91.6666666666667
U9733021: 100
U9733022: 83.3333333333333
U9733023: 100
U9733024: 25
U9733025: 100
U9733026: 100
U9733027: 83.3333333333333
U9733028: 100
U9733029: 66.6666666666667
U9733030: 66.6666666666667
U9733031: 83.3333333333333
U9733032: 66.6666666666667
U9733033: 100
U9733034: 75
U9733035: 50
U9733036: 50
U9733038: 100
U9733039: 100
U9733040: 58.3333333333333
U9733041: 100
U9733042: 100
U9733043: 100
U9733044: 41.6666666666667
U9733045: 83.3333333333333
U9733046: 100
U9733047: 33.3333333333333
U9733048: 0
U9733049: 100
U9733050: 8.33333333333333
U9733051: 58.3333333333333
U9733054: 66.6666666666667
U9733055: 66.6666666666667
